map_config:
  latitude: 39.79315700413092
  longitude: -86.23891597525278
  elevation: 0
  roll: 0.0
  pitch: 0.0
  yaw: 0.0
